1 1 2 True
1 1 2 False
1 2 3 True
1 2 3 False
1 3 4 True
1 3 4 False
1 4 5 True
1 4 5 False
1 5 6 True
1 5 6 False
1 6 7 True
1 6 7 False
1 7 8 True
1 7 8 False
1 8 9 True
1 8 9 False
1 9 10 True
1 9 10 False
1 10 11 True
1 10 11 False
1 11 12 True
1 11 12 False
1 12 13 True
1 12 13 False
1 13 14 True
1 13 14 False
1 14 15 True
1 14 15 False
1 15 16 True
1 15 16 False
1 16 17 True
1 16 17 False
1 17 18 True
1 17 18 False
1 18 19 True
1 18 19 False
1 19 20 True
1 19 20 False
1 20 21 True
1 20 21 False
1 21 22 True
1 21 22 False
1 22 23 True
1 22 23 False
1 23 24 True
1 23 24 False
1 24 25 True
1 24 25 False
1 25 26 True
1 25 26 False
1 26 27 True
1 26 27 False
1 27 28 True
1 27 28 False
1 28 29 True
1 28 29 False
1 29 30 True
1 29 30 False
1 30 31 True
1 30 31 False
501 1 502 True
501 1 502 False
501 2 503 True
501 2 503 False
501 3 504 True
501 3 504 False
501 4 505 True
501 4 505 False
501 5 506 True
501 5 506 False
501 6 507 True
501 6 507 False
501 7 508 True
501 7 508 False
501 8 509 True
501 8 509 False
501 9 510 True
501 9 510 False
501 10 511 True
501 10 511 False
501 11 512 True
501 11 512 False
501 12 513 True
501 12 513 False
501 13 514 True
501 13 514 False
501 14 515 True
501 14 515 False
501 15 516 True
501 15 516 False
501 16 517 True
501 16 517 False
501 17 518 True
501 17 518 False
501 18 519 True
501 18 519 False
501 19 520 True
501 19 520 False
501 20 521 True
501 20 521 False
501 21 522 True
501 21 522 False
501 22 523 True
501 22 523 False
501 23 524 True
501 23 524 False
501 24 525 True
501 24 525 False
501 25 526 True
501 25 526 False
501 26 527 True
501 26 527 False
501 27 528 True
501 27 528 False
501 28 529 True
501 28 529 False
501 29 530 True
501 29 530 False
501 30 531 True
501 30 531 False
1001 1 1002 True
1001 1 1002 False
1001 2 1003 True
1001 2 1003 False
1001 3 1004 True
1001 3 1004 False
1001 4 1005 True
1001 4 1005 False
1001 5 1006 True
1001 5 1006 False
1001 6 1007 True
1001 6 1007 False
1001 7 1008 True
1001 7 1008 False
1001 8 1009 True
1001 8 1009 False
1001 9 1010 True
1001 9 1010 False
1001 10 1011 True
1001 10 1011 False
1001 11 1012 True
1001 11 1012 False
1001 12 1013 True
1001 12 1013 False
1001 13 1014 True
1001 13 1014 False
1001 14 1015 True
1001 14 1015 False
1001 15 1016 True
1001 15 1016 False
1001 16 1017 True
1001 16 1017 False
1001 17 1018 True
1001 17 1018 False
1001 18 1019 True
1001 18 1019 False
1001 19 1020 True
1001 19 1020 False
1001 20 1021 True
1001 20 1021 False
1001 21 1022 True
1001 21 1022 False
1001 22 1023 True
1001 22 1023 False
1001 23 1024 True
1001 23 1024 False
1001 24 1025 True
1001 24 1025 False
1001 25 1026 True
1001 25 1026 False
1001 26 1027 True
1001 26 1027 False
1001 27 1028 True
1001 27 1028 False
1001 28 1029 True
1001 28 1029 False
1001 29 1030 True
1001 29 1030 False
1001 30 1031 True
1001 30 1031 False
1501 1 1502 True
1501 1 1502 False
1501 2 1503 True
1501 2 1503 False
1501 3 1504 True
1501 3 1504 False
1501 4 1505 True
1501 4 1505 False
1501 5 1506 True
1501 5 1506 False
1501 6 1507 True
1501 6 1507 False
1501 7 1508 True
1501 7 1508 False
1501 8 1509 True
1501 8 1509 False
1501 9 1510 True
1501 9 1510 False
1501 10 1511 True
1501 10 1511 False
1501 11 1512 True
1501 11 1512 False
1501 12 1513 True
1501 12 1513 False
1501 13 1514 True
1501 13 1514 False
1501 14 1515 True
1501 14 1515 False
1501 15 1516 True
1501 15 1516 False
1501 16 1517 True
1501 16 1517 False
1501 17 1518 True
1501 17 1518 False
1501 18 1519 True
1501 18 1519 False
1501 19 1520 True
1501 19 1520 False
1501 20 1521 True
1501 20 1521 False
1501 21 1522 True
1501 21 1522 False
1501 22 1523 True
1501 22 1523 False
1501 23 1524 True
1501 23 1524 False
1501 24 1525 True
1501 24 1525 False
1501 25 1526 True
1501 25 1526 False
1501 26 1527 True
1501 26 1527 False
1501 27 1528 True
1501 27 1528 False
1501 28 1529 True
1501 28 1529 False
1501 29 1530 True
1501 29 1530 False
1501 30 1531 True
1501 30 1531 False
2001 1 2002 True
2001 1 2002 False
2001 2 2003 True
2001 2 2003 False
2001 3 2004 True
2001 3 2004 False
2001 4 2005 True
2001 4 2005 False
2001 5 2006 True
2001 5 2006 False
2001 6 2007 True
2001 6 2007 False
2001 7 2008 True
2001 7 2008 False
2001 8 2009 True
2001 8 2009 False
2001 9 2010 True
2001 9 2010 False
2001 10 2011 True
2001 10 2011 False
2001 11 2012 True
2001 11 2012 False
2001 12 2013 True
2001 12 2013 False
2001 13 2014 True
2001 13 2014 False
2001 14 2015 True
2001 14 2015 False
2001 15 2016 True
2001 15 2016 False
2001 16 2017 True
2001 16 2017 False
2001 17 2018 True
2001 17 2018 False
2001 18 2019 True
2001 18 2019 False
2001 19 2020 True
2001 19 2020 False
2001 20 2021 True
2001 20 2021 False
2001 21 2022 True
2001 21 2022 False
2001 22 2023 True
2001 22 2023 False
2001 23 2024 True
2001 23 2024 False
2001 24 2025 True
2001 24 2025 False
2001 25 2026 True
2001 25 2026 False
2001 26 2027 True
2001 26 2027 False
2001 27 2028 True
2001 27 2028 False
2001 28 2029 True
2001 28 2029 False
2001 29 2030 True
2001 29 2030 False
2001 30 2031 True
2001 30 2031 False
2501 1 2502 True
2501 1 2502 False
2501 2 2503 True
2501 2 2503 False
2501 3 2504 True
2501 3 2504 False
2501 4 2505 True
2501 4 2505 False
2501 5 2506 True
2501 5 2506 False
2501 6 2507 True
2501 6 2507 False
2501 7 2508 True
2501 7 2508 False
2501 8 2509 True
2501 8 2509 False
2501 9 2510 True
2501 9 2510 False
2501 10 2511 True
2501 10 2511 False
2501 11 2512 True
2501 11 2512 False
2501 12 2513 True
2501 12 2513 False
2501 13 2514 True
2501 13 2514 False
2501 14 2515 True
2501 14 2515 False
2501 15 2516 True
2501 15 2516 False
2501 16 2517 True
2501 16 2517 False
2501 17 2518 True
2501 17 2518 False
2501 18 2519 True
2501 18 2519 False
2501 19 2520 True
2501 19 2520 False
2501 20 2521 True
2501 20 2521 False
2501 21 2522 True
2501 21 2522 False
2501 22 2523 True
2501 22 2523 False
2501 23 2524 True
2501 23 2524 False
2501 24 2525 True
2501 24 2525 False
2501 25 2526 True
2501 25 2526 False
2501 26 2527 True
2501 26 2527 False
2501 27 2528 True
2501 27 2528 False
2501 28 2529 True
2501 28 2529 False
2501 29 2530 True
2501 29 2530 False
2501 30 2531 True
2501 30 2531 False
3001 1 3002 True
3001 1 3002 False
3001 2 3003 True
3001 2 3003 False
3001 3 3004 True
3001 3 3004 False
3001 4 3005 True
3001 4 3005 False
3001 5 3006 True
3001 5 3006 False
3001 6 3007 True
3001 6 3007 False
3001 7 3008 True
3001 7 3008 False
3001 8 3009 True
3001 8 3009 False
3001 9 3010 True
3001 9 3010 False
3001 10 3011 True
3001 10 3011 False
3001 11 3012 True
3001 11 3012 False
3001 12 3013 True
3001 12 3013 False
3001 13 3014 True
3001 13 3014 False
3001 14 3015 True
3001 14 3015 False
3001 15 3016 True
3001 15 3016 False
3001 16 3017 True
3001 16 3017 False
3001 17 3018 True
3001 17 3018 False
3001 18 3019 True
3001 18 3019 False
3001 19 3020 True
3001 19 3020 False
3001 20 3021 True
3001 20 3021 False
3001 21 3022 True
3001 21 3022 False
3001 22 3023 True
3001 22 3023 False
3001 23 3024 True
3001 23 3024 False
3001 24 3025 True
3001 24 3025 False
3001 25 3026 True
3001 25 3026 False
3001 26 3027 True
3001 26 3027 False
3001 27 3028 True
3001 27 3028 False
3001 28 3029 True
3001 28 3029 False
3001 29 3030 True
3001 29 3030 False
3001 30 3031 True
3001 30 3031 False
3501 1 3502 True
3501 1 3502 False
3501 2 3503 True
3501 2 3503 False
3501 3 3504 True
3501 3 3504 False
3501 4 3505 True
3501 4 3505 False
3501 5 3506 True
3501 5 3506 False
3501 6 3507 True
3501 6 3507 False
3501 7 3508 True
3501 7 3508 False
3501 8 3509 True
3501 8 3509 False
3501 9 3510 True
3501 9 3510 False
3501 10 3511 True
3501 10 3511 False
3501 11 3512 True
3501 11 3512 False
3501 12 3513 True
3501 12 3513 False
3501 13 3514 True
3501 13 3514 False
3501 14 3515 True
3501 14 3515 False
3501 15 3516 True
3501 15 3516 False
3501 16 3517 True
3501 16 3517 False
3501 17 3518 True
3501 17 3518 False
3501 18 3519 True
3501 18 3519 False
3501 19 3520 True
3501 19 3520 False
3501 20 3521 True
3501 20 3521 False
3501 21 3522 True
3501 21 3522 False
3501 22 3523 True
3501 22 3523 False
3501 23 3524 True
3501 23 3524 False
3501 24 3525 True
3501 24 3525 False
3501 25 3526 True
3501 25 3526 False
3501 26 3527 True
3501 26 3527 False
3501 27 3528 True
3501 27 3528 False
3501 28 3529 True
3501 28 3529 False
3501 29 3530 True
3501 29 3530 False
3501 30 3531 True
3501 30 3531 False
4001 1 4002 True
4001 1 4002 False
4001 2 4003 True
4001 2 4003 False
4001 3 4004 True
4001 3 4004 False
4001 4 4005 True
4001 4 4005 False
4001 5 4006 True
4001 5 4006 False
4001 6 4007 True
4001 6 4007 False
4001 7 4008 True
4001 7 4008 False
4001 8 4009 True
4001 8 4009 False
4001 9 4010 True
4001 9 4010 False
4001 10 4011 True
4001 10 4011 False
4001 11 4012 True
4001 11 4012 False
4001 12 4013 True
4001 12 4013 False
4001 13 4014 True
4001 13 4014 False
4001 14 4015 True
4001 14 4015 False
4001 15 4016 True
4001 15 4016 False
4001 16 4017 True
4001 16 4017 False
4001 17 4018 True
4001 17 4018 False
4001 18 4019 True
4001 18 4019 False
4001 19 4020 True
4001 19 4020 False
4001 20 4021 True
4001 20 4021 False
4001 21 4022 True
4001 21 4022 False
4001 22 4023 True
4001 22 4023 False
4001 23 4024 True
4001 23 4024 False
4001 24 4025 True
4001 24 4025 False
4001 25 4026 True
4001 25 4026 False
4001 26 4027 True
4001 26 4027 False
4001 27 4028 True
4001 27 4028 False
4001 28 4029 True
4001 28 4029 False
4001 29 4030 True
4001 29 4030 False
4001 30 4031 True
4001 30 4031 False
4501 1 4502 True
4501 1 4502 False
4501 2 4503 True
4501 2 4503 False
4501 3 4504 True
4501 3 4504 False
4501 4 4505 True
4501 4 4505 False
4501 5 4506 True
4501 5 4506 False
4501 6 4507 True
4501 6 4507 False
4501 7 4508 True
4501 7 4508 False
4501 8 4509 True
4501 8 4509 False
4501 9 4510 True
4501 9 4510 False
4501 10 4511 True
4501 10 4511 False
4501 11 4512 True
4501 11 4512 False
4501 12 4513 True
4501 12 4513 False
4501 13 4514 True
4501 13 4514 False
4501 14 4515 True
4501 14 4515 False
4501 15 4516 True
4501 15 4516 False
4501 16 4517 True
4501 16 4517 False
4501 17 4518 True
4501 17 4518 False
4501 18 4519 True
4501 18 4519 False
4501 19 4520 True
4501 19 4520 False
4501 20 4521 True
4501 20 4521 False
4501 21 4522 True
4501 21 4522 False
4501 22 4523 True
4501 22 4523 False
4501 23 4524 True
4501 23 4524 False
4501 24 4525 True
4501 24 4525 False
4501 25 4526 True
4501 25 4526 False
4501 26 4527 True
4501 26 4527 False
4501 27 4528 True
4501 27 4528 False
4501 28 4529 True
4501 28 4529 False
4501 29 4530 True
4501 29 4530 False
4501 30 4531 True
4501 30 4531 False
5001 1 5002 True
5001 1 5002 False
5001 2 5003 True
5001 2 5003 False
5001 3 5004 True
5001 3 5004 False
5001 4 5005 True
5001 4 5005 False
5001 5 5006 True
5001 5 5006 False
5001 6 5007 True
5001 6 5007 False
5001 7 5008 True
5001 7 5008 False
5001 8 5009 True
5001 8 5009 False
5001 9 5010 True
5001 9 5010 False
5001 10 5011 True
5001 10 5011 False
5001 11 5012 True
5001 11 5012 False
5001 12 5013 True
5001 12 5013 False
5001 13 5014 True
5001 13 5014 False
5001 14 5015 True
5001 14 5015 False
5001 15 5016 True
5001 15 5016 False
5001 16 5017 True
5001 16 5017 False
5001 17 5018 True
5001 17 5018 False
5001 18 5019 True
5001 18 5019 False
5001 19 5020 True
5001 19 5020 False
5001 20 5021 True
5001 20 5021 False
5001 21 5022 True
5001 21 5022 False
5001 22 5023 True
5001 22 5023 False
5001 23 5024 True
5001 23 5024 False
5001 24 5025 True
5001 24 5025 False
5001 25 5026 True
5001 25 5026 False
5001 26 5027 True
5001 26 5027 False
5001 27 5028 True
5001 27 5028 False
5001 28 5029 True
5001 28 5029 False
5001 29 5030 True
5001 29 5030 False
5001 30 5031 True
5001 30 5031 False
5501 1 5502 True
5501 1 5502 False
5501 2 5503 True
5501 2 5503 False
5501 3 5504 True
5501 3 5504 False
5501 4 5505 True
5501 4 5505 False
5501 5 5506 True
5501 5 5506 False
5501 6 5507 True
5501 6 5507 False
5501 7 5508 True
5501 7 5508 False
5501 8 5509 True
5501 8 5509 False
5501 9 5510 True
5501 9 5510 False
5501 10 5511 True
5501 10 5511 False
5501 11 5512 True
5501 11 5512 False
5501 12 5513 True
5501 12 5513 False
5501 13 5514 True
5501 13 5514 False
5501 14 5515 True
5501 14 5515 False
5501 15 5516 True
5501 15 5516 False
5501 16 5517 True
5501 16 5517 False
5501 17 5518 True
5501 17 5518 False
5501 18 5519 True
5501 18 5519 False
5501 19 5520 True
5501 19 5520 False
5501 20 5521 True
5501 20 5521 False
5501 21 5522 True
5501 21 5522 False
5501 22 5523 True
5501 22 5523 False
5501 23 5524 True
5501 23 5524 False
5501 24 5525 True
5501 24 5525 False
5501 25 5526 True
5501 25 5526 False
5501 26 5527 True
5501 26 5527 False
5501 27 5528 True
5501 27 5528 False
5501 28 5529 True
5501 28 5529 False
5501 29 5530 True
5501 29 5530 False
5501 30 5531 True
5501 30 5531 False
6001 1 6002 True
6001 1 6002 False
6001 2 6003 True
6001 2 6003 False
6001 3 6004 True
6001 3 6004 False
6001 4 6005 True
6001 4 6005 False
6001 5 6006 True
6001 5 6006 False
6001 6 6007 True
6001 6 6007 False
6001 7 6008 True
6001 7 6008 False
6001 8 6009 True
6001 8 6009 False
6001 9 6010 True
6001 9 6010 False
6001 10 6011 True
6001 10 6011 False
6001 11 6012 True
6001 11 6012 False
6001 12 6013 True
6001 12 6013 False
6001 13 6014 True
6001 13 6014 False
6001 14 6015 True
6001 14 6015 False
6001 15 6016 True
6001 15 6016 False
6001 16 6017 True
6001 16 6017 False
6001 17 6018 True
6001 17 6018 False
6001 18 6019 True
6001 18 6019 False
6001 19 6020 True
6001 19 6020 False
6001 20 6021 True
6001 20 6021 False
6001 21 6022 True
6001 21 6022 False
6001 22 6023 True
6001 22 6023 False
6001 23 6024 True
6001 23 6024 False
6001 24 6025 True
6001 24 6025 False
6001 25 6026 True
6001 25 6026 False
6001 26 6027 True
6001 26 6027 False
6001 27 6028 True
6001 27 6028 False
6001 28 6029 True
6001 28 6029 False
6001 29 6030 True
6001 29 6030 False
6001 30 6031 True
6001 30 6031 False
6501 1 6502 True
6501 1 6502 False
6501 2 6503 True
6501 2 6503 False
6501 3 6504 True
6501 3 6504 False
6501 4 6505 True
6501 4 6505 False
6501 5 6506 True
6501 5 6506 False
6501 6 6507 True
6501 6 6507 False
6501 7 6508 True
6501 7 6508 False
6501 8 6509 True
6501 8 6509 False
6501 9 6510 True
6501 9 6510 False
6501 10 6511 True
6501 10 6511 False
6501 11 6512 True
6501 11 6512 False
6501 12 6513 True
6501 12 6513 False
6501 13 6514 True
6501 13 6514 False
6501 14 6515 True
6501 14 6515 False
6501 15 6516 True
6501 15 6516 False
6501 16 6517 True
6501 16 6517 False
6501 17 6518 True
6501 17 6518 False
6501 18 6519 True
6501 18 6519 False
6501 19 6520 True
6501 19 6520 False
6501 20 6521 True
6501 20 6521 False
6501 21 6522 True
6501 21 6522 False
6501 22 6523 True
6501 22 6523 False
6501 23 6524 True
6501 23 6524 False
6501 24 6525 True
6501 24 6525 False
6501 25 6526 True
6501 25 6526 False
6501 26 6527 True
6501 26 6527 False
6501 27 6528 True
6501 27 6528 False
6501 28 6529 True
6501 28 6529 False
6501 29 6530 True
6501 29 6530 False
6501 30 6531 True
6501 30 6531 False
7001 1 7002 True
7001 1 7002 False
7001 2 7003 True
7001 2 7003 False
7001 3 7004 True
7001 3 7004 False
7001 4 7005 True
7001 4 7005 False
7001 5 7006 True
7001 5 7006 False
7001 6 7007 True
7001 6 7007 False
7001 7 7008 True
7001 7 7008 False
7001 8 7009 True
7001 8 7009 False
7001 9 7010 True
7001 9 7010 False
7001 10 7011 True
7001 10 7011 False
7001 11 7012 True
7001 11 7012 False
7001 12 7013 True
7001 12 7013 False
7001 13 7014 True
7001 13 7014 False
7001 14 7015 True
7001 14 7015 False
7001 15 7016 True
7001 15 7016 False
7001 16 7017 True
7001 16 7017 False
7001 17 7018 True
7001 17 7018 False
7001 18 7019 True
7001 18 7019 False
7001 19 7020 True
7001 19 7020 False
7001 20 7021 True
7001 20 7021 False
7001 21 7022 True
7001 21 7022 False
7001 22 7023 True
7001 22 7023 False
7001 23 7024 True
7001 23 7024 False
7001 24 7025 True
7001 24 7025 False
7001 25 7026 True
7001 25 7026 False
7001 26 7027 True
7001 26 7027 False
7001 27 7028 True
7001 27 7028 False
7001 28 7029 True
7001 28 7029 False
7001 29 7030 True
7001 29 7030 False
7001 30 7031 True
7001 30 7031 False
7501 1 7502 True
7501 1 7502 False
7501 2 7503 True
7501 2 7503 False
7501 3 7504 True
7501 3 7504 False
7501 4 7505 True
7501 4 7505 False
7501 5 7506 True
7501 5 7506 False
7501 6 7507 True
7501 6 7507 False
7501 7 7508 True
7501 7 7508 False
7501 8 7509 True
7501 8 7509 False
7501 9 7510 True
7501 9 7510 False
7501 10 7511 True
7501 10 7511 False
7501 11 7512 True
7501 11 7512 False
7501 12 7513 True
7501 12 7513 False
7501 13 7514 True
7501 13 7514 False
7501 14 7515 True
7501 14 7515 False
7501 15 7516 True
7501 15 7516 False
7501 16 7517 True
7501 16 7517 False
7501 17 7518 True
7501 17 7518 False
7501 18 7519 True
7501 18 7519 False
7501 19 7520 True
7501 19 7520 False
7501 20 7521 True
7501 20 7521 False
7501 21 7522 True
7501 21 7522 False
7501 22 7523 True
7501 22 7523 False
7501 23 7524 True
7501 23 7524 False
7501 24 7525 True
7501 24 7525 False
7501 25 7526 True
7501 25 7526 False
7501 26 7527 True
7501 26 7527 False
7501 27 7528 True
7501 27 7528 False
7501 28 7529 True
7501 28 7529 False
7501 29 7530 True
7501 29 7530 False
7501 30 7531 True
7501 30 7531 False
8001 1 8002 True
8001 1 8002 False
8001 2 8003 True
8001 2 8003 False
8001 3 8004 True
8001 3 8004 False
8001 4 8005 True
8001 4 8005 False
8001 5 8006 True
8001 5 8006 False
8001 6 8007 True
8001 6 8007 False
8001 7 8008 True
8001 7 8008 False
8001 8 8009 True
8001 8 8009 False
8001 9 8010 True
8001 9 8010 False
8001 10 8011 True
8001 10 8011 False
8001 11 8012 True
8001 11 8012 False
8001 12 8013 True
8001 12 8013 False
8001 13 8014 True
8001 13 8014 False
8001 14 8015 True
8001 14 8015 False
8001 15 8016 True
8001 15 8016 False
8001 16 8017 True
8001 16 8017 False
8001 17 8018 True
8001 17 8018 False
8001 18 8019 True
8001 18 8019 False
8001 19 8020 True
8001 19 8020 False
8001 20 8021 True
8001 20 8021 False
8001 21 8022 True
8001 21 8022 False
8001 22 8023 True
8001 22 8023 False
8001 23 8024 True
8001 23 8024 False
8001 24 8025 True
8001 24 8025 False
8001 25 8026 True
8001 25 8026 False
8001 26 8027 True
8001 26 8027 False
8001 27 8028 True
8001 27 8028 False
8001 28 8029 True
8001 28 8029 False
8001 29 8030 True
8001 29 8030 False
8001 30 8031 True
8001 30 8031 False
8501 1 8502 True
8501 1 8502 False
8501 2 8503 True
8501 2 8503 False
8501 3 8504 True
8501 3 8504 False
8501 4 8505 True
8501 4 8505 False
8501 5 8506 True
8501 5 8506 False
8501 6 8507 True
8501 6 8507 False
8501 7 8508 True
8501 7 8508 False
8501 8 8509 True
8501 8 8509 False
8501 9 8510 True
8501 9 8510 False
8501 10 8511 True
8501 10 8511 False
8501 11 8512 True
8501 11 8512 False
8501 12 8513 True
8501 12 8513 False
8501 13 8514 True
8501 13 8514 False
8501 14 8515 True
8501 14 8515 False
8501 15 8516 True
8501 15 8516 False
8501 16 8517 True
8501 16 8517 False
8501 17 8518 True
8501 17 8518 False
8501 18 8519 True
8501 18 8519 False
8501 19 8520 True
8501 19 8520 False
8501 20 8521 True
8501 20 8521 False
8501 21 8522 True
8501 21 8522 False
8501 22 8523 True
8501 22 8523 False
8501 23 8524 True
8501 23 8524 False
8501 24 8525 True
8501 24 8525 False
8501 25 8526 True
8501 25 8526 False
8501 26 8527 True
8501 26 8527 False
8501 27 8528 True
8501 27 8528 False
8501 28 8529 True
8501 28 8529 False
8501 29 8530 True
8501 29 8530 False
8501 30 8531 True
8501 30 8531 False
9001 1 9002 True
9001 1 9002 False
9001 2 9003 True
9001 2 9003 False
9001 3 9004 True
9001 3 9004 False
9001 4 9005 True
9001 4 9005 False
9001 5 9006 True
9001 5 9006 False
9001 6 9007 True
9001 6 9007 False
9001 7 9008 True
9001 7 9008 False
9001 8 9009 True
9001 8 9009 False
9001 9 9010 True
9001 9 9010 False
9001 10 9011 True
9001 10 9011 False
9001 11 9012 True
9001 11 9012 False
9001 12 9013 True
9001 12 9013 False
9001 13 9014 True
9001 13 9014 False
9001 14 9015 True
9001 14 9015 False
9001 15 9016 True
9001 15 9016 False
9001 16 9017 True
9001 16 9017 False
9001 17 9018 True
9001 17 9018 False
9001 18 9019 True
9001 18 9019 False
9001 19 9020 True
9001 19 9020 False
9001 20 9021 True
9001 20 9021 False
9001 21 9022 True
9001 21 9022 False
9001 22 9023 True
9001 22 9023 False
9001 23 9024 True
9001 23 9024 False
9001 24 9025 True
9001 24 9025 False
9001 25 9026 True
9001 25 9026 False
9001 26 9027 True
9001 26 9027 False
9001 27 9028 True
9001 27 9028 False
9001 28 9029 True
9001 28 9029 False
9001 29 9030 True
9001 29 9030 False
9001 30 9031 True
9001 30 9031 False
9501 1 9502 True
9501 1 9502 False
9501 2 9503 True
9501 2 9503 False
9501 3 9504 True
9501 3 9504 False
9501 4 9505 True
9501 4 9505 False
9501 5 9506 True
9501 5 9506 False
9501 6 9507 True
9501 6 9507 False
9501 7 9508 True
9501 7 9508 False
9501 8 9509 True
9501 8 9509 False
9501 9 9510 True
9501 9 9510 False
9501 10 9511 True
9501 10 9511 False
9501 11 9512 True
9501 11 9512 False
9501 12 9513 True
9501 12 9513 False
9501 13 9514 True
9501 13 9514 False
9501 14 9515 True
9501 14 9515 False
9501 15 9516 True
9501 15 9516 False
9501 16 9517 True
9501 16 9517 False
9501 17 9518 True
9501 17 9518 False
9501 18 9519 True
9501 18 9519 False
9501 19 9520 True
9501 19 9520 False
9501 20 9521 True
9501 20 9521 False
9501 21 9522 True
9501 21 9522 False
9501 22 9523 True
9501 22 9523 False
9501 23 9524 True
9501 23 9524 False
9501 24 9525 True
9501 24 9525 False
9501 25 9526 True
9501 25 9526 False
9501 26 9527 True
9501 26 9527 False
9501 27 9528 True
9501 27 9528 False
9501 28 9529 True
9501 28 9529 False
9501 29 9530 True
9501 29 9530 False
9501 30 9531 True
9501 30 9531 False
10001 1 10002 True
10001 1 10002 False
10001 2 10003 True
10001 2 10003 False
10001 3 10004 True
10001 3 10004 False
10001 4 10005 True
10001 4 10005 False
10001 5 10006 True
10001 5 10006 False
10001 6 10007 True
10001 6 10007 False
10001 7 10008 True
10001 7 10008 False
10001 8 10009 True
10001 8 10009 False
10001 9 10010 True
10001 9 10010 False
10001 10 10011 True
10001 10 10011 False
10001 11 10012 True
10001 11 10012 False
10001 12 10013 True
10001 12 10013 False
10001 13 10014 True
10001 13 10014 False
10001 14 10015 True
10001 14 10015 False
10001 15 10016 True
10001 15 10016 False
10001 16 10017 True
10001 16 10017 False
10001 17 10018 True
10001 17 10018 False
10001 18 10019 True
10001 18 10019 False
10001 19 10020 True
10001 19 10020 False
10001 20 10021 True
10001 20 10021 False
10001 21 10022 True
10001 21 10022 False
10001 22 10023 True
10001 22 10023 False
10001 23 10024 True
10001 23 10024 False
10001 24 10025 True
10001 24 10025 False
10001 25 10026 True
10001 25 10026 False
10001 26 10027 True
10001 26 10027 False
10001 27 10028 True
10001 27 10028 False
10001 28 10029 True
10001 28 10029 False
10001 29 10030 True
10001 29 10030 False
10001 30 10031 True
10001 30 10031 False
